{
 "cells": [
  {
   "cell_type": "code",
   "execution_count": 1,
   "metadata": {
    "collapsed": true
   },
   "outputs": [],
   "source": [
    "#!/usr/bin/python\n",
    "# -*- coding:utf-8 -*-\n",
    "\n",
    "import numpy as np\n",
    "import pandas as pd\n",
    "from sklearn import preprocessing\n",
    "from sklearn.linear_model import LogisticRegression\n",
    "from sklearn.preprocessing import StandardScaler, PolynomialFeatures\n",
    "from sklearn.pipeline import Pipeline\n",
    "import matplotlib.pyplot as plt\n",
    "import matplotlib as mpl\n",
    "import matplotlib.patches as mpatches"
   ]
  },
  {
   "cell_type": "code",
   "execution_count": 2,
   "metadata": {
    "collapsed": true
   },
   "outputs": [],
   "source": [
    "if __name__ == \"__main__\":\n",
    "    path = 'iris.data'  # 数据文件路径"
   ]
  },
  {
   "cell_type": "code",
   "execution_count": 3,
   "metadata": {},
   "outputs": [
    {
     "name": "stdout",
     "output_type": "stream",
     "text": [
      "原始数据X：\n",
      "[[5.1, 3.5, 1.4, 0.2], [4.9, 3.0, 1.4, 0.2], [4.7, 3.2, 1.3, 0.2], [4.6, 3.1, 1.5, 0.2], [5.0, 3.6, 1.4, 0.2], [5.4, 3.9, 1.7, 0.4], [4.6, 3.4, 1.4, 0.3], [5.0, 3.4, 1.5, 0.2], [4.4, 2.9, 1.4, 0.2], [4.9, 3.1, 1.5, 0.1], [5.4, 3.7, 1.5, 0.2], [4.8, 3.4, 1.6, 0.2], [4.8, 3.0, 1.4, 0.1], [4.3, 3.0, 1.1, 0.1], [5.8, 4.0, 1.2, 0.2], [5.7, 4.4, 1.5, 0.4], [5.4, 3.9, 1.3, 0.4], [5.1, 3.5, 1.4, 0.3], [5.7, 3.8, 1.7, 0.3], [5.1, 3.8, 1.5, 0.3], [5.4, 3.4, 1.7, 0.2], [5.1, 3.7, 1.5, 0.4], [4.6, 3.6, 1.0, 0.2], [5.1, 3.3, 1.7, 0.5], [4.8, 3.4, 1.9, 0.2], [5.0, 3.0, 1.6, 0.2], [5.0, 3.4, 1.6, 0.4], [5.2, 3.5, 1.5, 0.2], [5.2, 3.4, 1.4, 0.2], [4.7, 3.2, 1.6, 0.2], [4.8, 3.1, 1.6, 0.2], [5.4, 3.4, 1.5, 0.4], [5.2, 4.1, 1.5, 0.1], [5.5, 4.2, 1.4, 0.2], [4.9, 3.1, 1.5, 0.1], [5.0, 3.2, 1.2, 0.2], [5.5, 3.5, 1.3, 0.2], [4.9, 3.1, 1.5, 0.1], [4.4, 3.0, 1.3, 0.2], [5.1, 3.4, 1.5, 0.2], [5.0, 3.5, 1.3, 0.3], [4.5, 2.3, 1.3, 0.3], [4.4, 3.2, 1.3, 0.2], [5.0, 3.5, 1.6, 0.6], [5.1, 3.8, 1.9, 0.4], [4.8, 3.0, 1.4, 0.3], [5.1, 3.8, 1.6, 0.2], [4.6, 3.2, 1.4, 0.2], [5.3, 3.7, 1.5, 0.2], [5.0, 3.3, 1.4, 0.2], [7.0, 3.2, 4.7, 1.4], [6.4, 3.2, 4.5, 1.5], [6.9, 3.1, 4.9, 1.5], [5.5, 2.3, 4.0, 1.3], [6.5, 2.8, 4.6, 1.5], [5.7, 2.8, 4.5, 1.3], [6.3, 3.3, 4.7, 1.6], [4.9, 2.4, 3.3, 1.0], [6.6, 2.9, 4.6, 1.3], [5.2, 2.7, 3.9, 1.4], [5.0, 2.0, 3.5, 1.0], [5.9, 3.0, 4.2, 1.5], [6.0, 2.2, 4.0, 1.0], [6.1, 2.9, 4.7, 1.4], [5.6, 2.9, 3.6, 1.3], [6.7, 3.1, 4.4, 1.4], [5.6, 3.0, 4.5, 1.5], [5.8, 2.7, 4.1, 1.0], [6.2, 2.2, 4.5, 1.5], [5.6, 2.5, 3.9, 1.1], [5.9, 3.2, 4.8, 1.8], [6.1, 2.8, 4.0, 1.3], [6.3, 2.5, 4.9, 1.5], [6.1, 2.8, 4.7, 1.2], [6.4, 2.9, 4.3, 1.3], [6.6, 3.0, 4.4, 1.4], [6.8, 2.8, 4.8, 1.4], [6.7, 3.0, 5.0, 1.7], [6.0, 2.9, 4.5, 1.5], [5.7, 2.6, 3.5, 1.0], [5.5, 2.4, 3.8, 1.1], [5.5, 2.4, 3.7, 1.0], [5.8, 2.7, 3.9, 1.2], [6.0, 2.7, 5.1, 1.6], [5.4, 3.0, 4.5, 1.5], [6.0, 3.4, 4.5, 1.6], [6.7, 3.1, 4.7, 1.5], [6.3, 2.3, 4.4, 1.3], [5.6, 3.0, 4.1, 1.3], [5.5, 2.5, 4.0, 1.3], [5.5, 2.6, 4.4, 1.2], [6.1, 3.0, 4.6, 1.4], [5.8, 2.6, 4.0, 1.2], [5.0, 2.3, 3.3, 1.0], [5.6, 2.7, 4.2, 1.3], [5.7, 3.0, 4.2, 1.2], [5.7, 2.9, 4.2, 1.3], [6.2, 2.9, 4.3, 1.3], [5.1, 2.5, 3.0, 1.1], [5.7, 2.8, 4.1, 1.3], [6.3, 3.3, 6.0, 2.5], [5.8, 2.7, 5.1, 1.9], [7.1, 3.0, 5.9, 2.1], [6.3, 2.9, 5.6, 1.8], [6.5, 3.0, 5.8, 2.2], [7.6, 3.0, 6.6, 2.1], [4.9, 2.5, 4.5, 1.7], [7.3, 2.9, 6.3, 1.8], [6.7, 2.5, 5.8, 1.8], [7.2, 3.6, 6.1, 2.5], [6.5, 3.2, 5.1, 2.0], [6.4, 2.7, 5.3, 1.9], [6.8, 3.0, 5.5, 2.1], [5.7, 2.5, 5.0, 2.0], [5.8, 2.8, 5.1, 2.4], [6.4, 3.2, 5.3, 2.3], [6.5, 3.0, 5.5, 1.8], [7.7, 3.8, 6.7, 2.2], [7.7, 2.6, 6.9, 2.3], [6.0, 2.2, 5.0, 1.5], [6.9, 3.2, 5.7, 2.3], [5.6, 2.8, 4.9, 2.0], [7.7, 2.8, 6.7, 2.0], [6.3, 2.7, 4.9, 1.8], [6.7, 3.3, 5.7, 2.1], [7.2, 3.2, 6.0, 1.8], [6.2, 2.8, 4.8, 1.8], [6.1, 3.0, 4.9, 1.8], [6.4, 2.8, 5.6, 2.1], [7.2, 3.0, 5.8, 1.6], [7.4, 2.8, 6.1, 1.9], [7.9, 3.8, 6.4, 2.0], [6.4, 2.8, 5.6, 2.2], [6.3, 2.8, 5.1, 1.5], [6.1, 2.6, 5.6, 1.4], [7.7, 3.0, 6.1, 2.3], [6.3, 3.4, 5.6, 2.4], [6.4, 3.1, 5.5, 1.8], [6.0, 3.0, 4.8, 1.8], [6.9, 3.1, 5.4, 2.1], [6.7, 3.1, 5.6, 2.4], [6.9, 3.1, 5.1, 2.3], [5.8, 2.7, 5.1, 1.9], [6.8, 3.2, 5.9, 2.3], [6.7, 3.3, 5.7, 2.5], [6.7, 3.0, 5.2, 2.3], [6.3, 2.5, 5.0, 1.9], [6.5, 3.0, 5.2, 2.0], [6.2, 3.4, 5.4, 2.3], [5.9, 3.0, 5.1, 1.8]]\n",
      "原始数据Y：\n",
      "['Iris-setosa', 'Iris-setosa', 'Iris-setosa', 'Iris-setosa', 'Iris-setosa', 'Iris-setosa', 'Iris-setosa', 'Iris-setosa', 'Iris-setosa', 'Iris-setosa', 'Iris-setosa', 'Iris-setosa', 'Iris-setosa', 'Iris-setosa', 'Iris-setosa', 'Iris-setosa', 'Iris-setosa', 'Iris-setosa', 'Iris-setosa', 'Iris-setosa', 'Iris-setosa', 'Iris-setosa', 'Iris-setosa', 'Iris-setosa', 'Iris-setosa', 'Iris-setosa', 'Iris-setosa', 'Iris-setosa', 'Iris-setosa', 'Iris-setosa', 'Iris-setosa', 'Iris-setosa', 'Iris-setosa', 'Iris-setosa', 'Iris-setosa', 'Iris-setosa', 'Iris-setosa', 'Iris-setosa', 'Iris-setosa', 'Iris-setosa', 'Iris-setosa', 'Iris-setosa', 'Iris-setosa', 'Iris-setosa', 'Iris-setosa', 'Iris-setosa', 'Iris-setosa', 'Iris-setosa', 'Iris-setosa', 'Iris-setosa', 'Iris-versicolor', 'Iris-versicolor', 'Iris-versicolor', 'Iris-versicolor', 'Iris-versicolor', 'Iris-versicolor', 'Iris-versicolor', 'Iris-versicolor', 'Iris-versicolor', 'Iris-versicolor', 'Iris-versicolor', 'Iris-versicolor', 'Iris-versicolor', 'Iris-versicolor', 'Iris-versicolor', 'Iris-versicolor', 'Iris-versicolor', 'Iris-versicolor', 'Iris-versicolor', 'Iris-versicolor', 'Iris-versicolor', 'Iris-versicolor', 'Iris-versicolor', 'Iris-versicolor', 'Iris-versicolor', 'Iris-versicolor', 'Iris-versicolor', 'Iris-versicolor', 'Iris-versicolor', 'Iris-versicolor', 'Iris-versicolor', 'Iris-versicolor', 'Iris-versicolor', 'Iris-versicolor', 'Iris-versicolor', 'Iris-versicolor', 'Iris-versicolor', 'Iris-versicolor', 'Iris-versicolor', 'Iris-versicolor', 'Iris-versicolor', 'Iris-versicolor', 'Iris-versicolor', 'Iris-versicolor', 'Iris-versicolor', 'Iris-versicolor', 'Iris-versicolor', 'Iris-versicolor', 'Iris-versicolor', 'Iris-versicolor', 'Iris-virginica', 'Iris-virginica', 'Iris-virginica', 'Iris-virginica', 'Iris-virginica', 'Iris-virginica', 'Iris-virginica', 'Iris-virginica', 'Iris-virginica', 'Iris-virginica', 'Iris-virginica', 'Iris-virginica', 'Iris-virginica', 'Iris-virginica', 'Iris-virginica', 'Iris-virginica', 'Iris-virginica', 'Iris-virginica', 'Iris-virginica', 'Iris-virginica', 'Iris-virginica', 'Iris-virginica', 'Iris-virginica', 'Iris-virginica', 'Iris-virginica', 'Iris-virginica', 'Iris-virginica', 'Iris-virginica', 'Iris-virginica', 'Iris-virginica', 'Iris-virginica', 'Iris-virginica', 'Iris-virginica', 'Iris-virginica', 'Iris-virginica', 'Iris-virginica', 'Iris-virginica', 'Iris-virginica', 'Iris-virginica', 'Iris-virginica', 'Iris-virginica', 'Iris-virginica', 'Iris-virginica', 'Iris-virginica', 'Iris-virginica', 'Iris-virginica', 'Iris-virginica', 'Iris-virginica', 'Iris-virginica', 'Iris-virginica']\n",
      "Numpy格式X：\n",
      "[[ 5.1  3.5  1.4  0.2]\n",
      " [ 4.9  3.   1.4  0.2]\n",
      " [ 4.7  3.2  1.3  0.2]\n",
      " [ 4.6  3.1  1.5  0.2]\n",
      " [ 5.   3.6  1.4  0.2]\n",
      " [ 5.4  3.9  1.7  0.4]\n",
      " [ 4.6  3.4  1.4  0.3]\n",
      " [ 5.   3.4  1.5  0.2]\n",
      " [ 4.4  2.9  1.4  0.2]\n",
      " [ 4.9  3.1  1.5  0.1]\n",
      " [ 5.4  3.7  1.5  0.2]\n",
      " [ 4.8  3.4  1.6  0.2]\n",
      " [ 4.8  3.   1.4  0.1]\n",
      " [ 4.3  3.   1.1  0.1]\n",
      " [ 5.8  4.   1.2  0.2]\n",
      " [ 5.7  4.4  1.5  0.4]\n",
      " [ 5.4  3.9  1.3  0.4]\n",
      " [ 5.1  3.5  1.4  0.3]\n",
      " [ 5.7  3.8  1.7  0.3]\n",
      " [ 5.1  3.8  1.5  0.3]\n",
      " [ 5.4  3.4  1.7  0.2]\n",
      " [ 5.1  3.7  1.5  0.4]\n",
      " [ 4.6  3.6  1.   0.2]\n",
      " [ 5.1  3.3  1.7  0.5]\n",
      " [ 4.8  3.4  1.9  0.2]\n",
      " [ 5.   3.   1.6  0.2]\n",
      " [ 5.   3.4  1.6  0.4]\n",
      " [ 5.2  3.5  1.5  0.2]\n",
      " [ 5.2  3.4  1.4  0.2]\n",
      " [ 4.7  3.2  1.6  0.2]\n",
      " [ 4.8  3.1  1.6  0.2]\n",
      " [ 5.4  3.4  1.5  0.4]\n",
      " [ 5.2  4.1  1.5  0.1]\n",
      " [ 5.5  4.2  1.4  0.2]\n",
      " [ 4.9  3.1  1.5  0.1]\n",
      " [ 5.   3.2  1.2  0.2]\n",
      " [ 5.5  3.5  1.3  0.2]\n",
      " [ 4.9  3.1  1.5  0.1]\n",
      " [ 4.4  3.   1.3  0.2]\n",
      " [ 5.1  3.4  1.5  0.2]\n",
      " [ 5.   3.5  1.3  0.3]\n",
      " [ 4.5  2.3  1.3  0.3]\n",
      " [ 4.4  3.2  1.3  0.2]\n",
      " [ 5.   3.5  1.6  0.6]\n",
      " [ 5.1  3.8  1.9  0.4]\n",
      " [ 4.8  3.   1.4  0.3]\n",
      " [ 5.1  3.8  1.6  0.2]\n",
      " [ 4.6  3.2  1.4  0.2]\n",
      " [ 5.3  3.7  1.5  0.2]\n",
      " [ 5.   3.3  1.4  0.2]\n",
      " [ 7.   3.2  4.7  1.4]\n",
      " [ 6.4  3.2  4.5  1.5]\n",
      " [ 6.9  3.1  4.9  1.5]\n",
      " [ 5.5  2.3  4.   1.3]\n",
      " [ 6.5  2.8  4.6  1.5]\n",
      " [ 5.7  2.8  4.5  1.3]\n",
      " [ 6.3  3.3  4.7  1.6]\n",
      " [ 4.9  2.4  3.3  1. ]\n",
      " [ 6.6  2.9  4.6  1.3]\n",
      " [ 5.2  2.7  3.9  1.4]\n",
      " [ 5.   2.   3.5  1. ]\n",
      " [ 5.9  3.   4.2  1.5]\n",
      " [ 6.   2.2  4.   1. ]\n",
      " [ 6.1  2.9  4.7  1.4]\n",
      " [ 5.6  2.9  3.6  1.3]\n",
      " [ 6.7  3.1  4.4  1.4]\n",
      " [ 5.6  3.   4.5  1.5]\n",
      " [ 5.8  2.7  4.1  1. ]\n",
      " [ 6.2  2.2  4.5  1.5]\n",
      " [ 5.6  2.5  3.9  1.1]\n",
      " [ 5.9  3.2  4.8  1.8]\n",
      " [ 6.1  2.8  4.   1.3]\n",
      " [ 6.3  2.5  4.9  1.5]\n",
      " [ 6.1  2.8  4.7  1.2]\n",
      " [ 6.4  2.9  4.3  1.3]\n",
      " [ 6.6  3.   4.4  1.4]\n",
      " [ 6.8  2.8  4.8  1.4]\n",
      " [ 6.7  3.   5.   1.7]\n",
      " [ 6.   2.9  4.5  1.5]\n",
      " [ 5.7  2.6  3.5  1. ]\n",
      " [ 5.5  2.4  3.8  1.1]\n",
      " [ 5.5  2.4  3.7  1. ]\n",
      " [ 5.8  2.7  3.9  1.2]\n",
      " [ 6.   2.7  5.1  1.6]\n",
      " [ 5.4  3.   4.5  1.5]\n",
      " [ 6.   3.4  4.5  1.6]\n",
      " [ 6.7  3.1  4.7  1.5]\n",
      " [ 6.3  2.3  4.4  1.3]\n",
      " [ 5.6  3.   4.1  1.3]\n",
      " [ 5.5  2.5  4.   1.3]\n",
      " [ 5.5  2.6  4.4  1.2]\n",
      " [ 6.1  3.   4.6  1.4]\n",
      " [ 5.8  2.6  4.   1.2]\n",
      " [ 5.   2.3  3.3  1. ]\n",
      " [ 5.6  2.7  4.2  1.3]\n",
      " [ 5.7  3.   4.2  1.2]\n",
      " [ 5.7  2.9  4.2  1.3]\n",
      " [ 6.2  2.9  4.3  1.3]\n",
      " [ 5.1  2.5  3.   1.1]\n",
      " [ 5.7  2.8  4.1  1.3]\n",
      " [ 6.3  3.3  6.   2.5]\n",
      " [ 5.8  2.7  5.1  1.9]\n",
      " [ 7.1  3.   5.9  2.1]\n",
      " [ 6.3  2.9  5.6  1.8]\n",
      " [ 6.5  3.   5.8  2.2]\n",
      " [ 7.6  3.   6.6  2.1]\n",
      " [ 4.9  2.5  4.5  1.7]\n",
      " [ 7.3  2.9  6.3  1.8]\n",
      " [ 6.7  2.5  5.8  1.8]\n",
      " [ 7.2  3.6  6.1  2.5]\n",
      " [ 6.5  3.2  5.1  2. ]\n",
      " [ 6.4  2.7  5.3  1.9]\n",
      " [ 6.8  3.   5.5  2.1]\n",
      " [ 5.7  2.5  5.   2. ]\n",
      " [ 5.8  2.8  5.1  2.4]\n",
      " [ 6.4  3.2  5.3  2.3]\n",
      " [ 6.5  3.   5.5  1.8]\n",
      " [ 7.7  3.8  6.7  2.2]\n",
      " [ 7.7  2.6  6.9  2.3]\n",
      " [ 6.   2.2  5.   1.5]\n",
      " [ 6.9  3.2  5.7  2.3]\n",
      " [ 5.6  2.8  4.9  2. ]\n",
      " [ 7.7  2.8  6.7  2. ]\n",
      " [ 6.3  2.7  4.9  1.8]\n",
      " [ 6.7  3.3  5.7  2.1]\n",
      " [ 7.2  3.2  6.   1.8]\n",
      " [ 6.2  2.8  4.8  1.8]\n",
      " [ 6.1  3.   4.9  1.8]\n",
      " [ 6.4  2.8  5.6  2.1]\n",
      " [ 7.2  3.   5.8  1.6]\n",
      " [ 7.4  2.8  6.1  1.9]\n",
      " [ 7.9  3.8  6.4  2. ]\n",
      " [ 6.4  2.8  5.6  2.2]\n",
      " [ 6.3  2.8  5.1  1.5]\n",
      " [ 6.1  2.6  5.6  1.4]\n",
      " [ 7.7  3.   6.1  2.3]\n",
      " [ 6.3  3.4  5.6  2.4]\n",
      " [ 6.4  3.1  5.5  1.8]\n",
      " [ 6.   3.   4.8  1.8]\n",
      " [ 6.9  3.1  5.4  2.1]\n",
      " [ 6.7  3.1  5.6  2.4]\n",
      " [ 6.9  3.1  5.1  2.3]\n",
      " [ 5.8  2.7  5.1  1.9]\n",
      " [ 6.8  3.2  5.9  2.3]\n",
      " [ 6.7  3.3  5.7  2.5]\n",
      " [ 6.7  3.   5.2  2.3]\n",
      " [ 6.3  2.5  5.   1.9]\n",
      " [ 6.5  3.   5.2  2. ]\n",
      " [ 6.2  3.4  5.4  2.3]\n",
      " [ 5.9  3.   5.1  1.8]]\n",
      "Numpy格式Y - 1:\n",
      "['Iris-setosa' 'Iris-setosa' 'Iris-setosa' 'Iris-setosa' 'Iris-setosa'\n",
      " 'Iris-setosa' 'Iris-setosa' 'Iris-setosa' 'Iris-setosa' 'Iris-setosa'\n",
      " 'Iris-setosa' 'Iris-setosa' 'Iris-setosa' 'Iris-setosa' 'Iris-setosa'\n",
      " 'Iris-setosa' 'Iris-setosa' 'Iris-setosa' 'Iris-setosa' 'Iris-setosa'\n",
      " 'Iris-setosa' 'Iris-setosa' 'Iris-setosa' 'Iris-setosa' 'Iris-setosa'\n",
      " 'Iris-setosa' 'Iris-setosa' 'Iris-setosa' 'Iris-setosa' 'Iris-setosa'\n",
      " 'Iris-setosa' 'Iris-setosa' 'Iris-setosa' 'Iris-setosa' 'Iris-setosa'\n",
      " 'Iris-setosa' 'Iris-setosa' 'Iris-setosa' 'Iris-setosa' 'Iris-setosa'\n",
      " 'Iris-setosa' 'Iris-setosa' 'Iris-setosa' 'Iris-setosa' 'Iris-setosa'\n",
      " 'Iris-setosa' 'Iris-setosa' 'Iris-setosa' 'Iris-setosa' 'Iris-setosa'\n",
      " 'Iris-versicolor' 'Iris-versicolor' 'Iris-versicolor' 'Iris-versicolor'\n",
      " 'Iris-versicolor' 'Iris-versicolor' 'Iris-versicolor' 'Iris-versicolor'\n",
      " 'Iris-versicolor' 'Iris-versicolor' 'Iris-versicolor' 'Iris-versicolor'\n",
      " 'Iris-versicolor' 'Iris-versicolor' 'Iris-versicolor' 'Iris-versicolor'\n",
      " 'Iris-versicolor' 'Iris-versicolor' 'Iris-versicolor' 'Iris-versicolor'\n",
      " 'Iris-versicolor' 'Iris-versicolor' 'Iris-versicolor' 'Iris-versicolor'\n",
      " 'Iris-versicolor' 'Iris-versicolor' 'Iris-versicolor' 'Iris-versicolor'\n",
      " 'Iris-versicolor' 'Iris-versicolor' 'Iris-versicolor' 'Iris-versicolor'\n",
      " 'Iris-versicolor' 'Iris-versicolor' 'Iris-versicolor' 'Iris-versicolor'\n",
      " 'Iris-versicolor' 'Iris-versicolor' 'Iris-versicolor' 'Iris-versicolor'\n",
      " 'Iris-versicolor' 'Iris-versicolor' 'Iris-versicolor' 'Iris-versicolor'\n",
      " 'Iris-versicolor' 'Iris-versicolor' 'Iris-versicolor' 'Iris-versicolor'\n",
      " 'Iris-versicolor' 'Iris-versicolor' 'Iris-virginica' 'Iris-virginica'\n",
      " 'Iris-virginica' 'Iris-virginica' 'Iris-virginica' 'Iris-virginica'\n",
      " 'Iris-virginica' 'Iris-virginica' 'Iris-virginica' 'Iris-virginica'\n",
      " 'Iris-virginica' 'Iris-virginica' 'Iris-virginica' 'Iris-virginica'\n",
      " 'Iris-virginica' 'Iris-virginica' 'Iris-virginica' 'Iris-virginica'\n",
      " 'Iris-virginica' 'Iris-virginica' 'Iris-virginica' 'Iris-virginica'\n",
      " 'Iris-virginica' 'Iris-virginica' 'Iris-virginica' 'Iris-virginica'\n",
      " 'Iris-virginica' 'Iris-virginica' 'Iris-virginica' 'Iris-virginica'\n",
      " 'Iris-virginica' 'Iris-virginica' 'Iris-virginica' 'Iris-virginica'\n",
      " 'Iris-virginica' 'Iris-virginica' 'Iris-virginica' 'Iris-virginica'\n",
      " 'Iris-virginica' 'Iris-virginica' 'Iris-virginica' 'Iris-virginica'\n",
      " 'Iris-virginica' 'Iris-virginica' 'Iris-virginica' 'Iris-virginica'\n",
      " 'Iris-virginica' 'Iris-virginica' 'Iris-virginica' 'Iris-virginica']\n",
      "Numpy格式Y - 2:\n",
      "['0' '0' '0' '0' '0' '0' '0' '0' '0' '0' '0' '0' '0' '0' '0' '0' '0' '0'\n",
      " '0' '0' '0' '0' '0' '0' '0' '0' '0' '0' '0' '0' '0' '0' '0' '0' '0' '0'\n",
      " '0' '0' '0' '0' '0' '0' '0' '0' '0' '0' '0' '0' '0' '0' '1' '1' '1' '1'\n",
      " '1' '1' '1' '1' '1' '1' '1' '1' '1' '1' '1' '1' '1' '1' '1' '1' '1' '1'\n",
      " '1' '1' '1' '1' '1' '1' '1' '1' '1' '1' '1' '1' '1' '1' '1' '1' '1' '1'\n",
      " '1' '1' '1' '1' '1' '1' '1' '1' '1' '1' '2' '2' '2' '2' '2' '2' '2' '2'\n",
      " '2' '2' '2' '2' '2' '2' '2' '2' '2' '2' '2' '2' '2' '2' '2' '2' '2' '2'\n",
      " '2' '2' '2' '2' '2' '2' '2' '2' '2' '2' '2' '2' '2' '2' '2' '2' '2' '2'\n",
      " '2' '2' '2' '2' '2' '2']\n",
      "Numpy格式Y - 3:\n",
      "[0 0 0 0 0 0 0 0 0 0 0 0 0 0 0 0 0 0 0 0 0 0 0 0 0 0 0 0 0 0 0 0 0 0 0 0 0\n",
      " 0 0 0 0 0 0 0 0 0 0 0 0 0 1 1 1 1 1 1 1 1 1 1 1 1 1 1 1 1 1 1 1 1 1 1 1 1\n",
      " 1 1 1 1 1 1 1 1 1 1 1 1 1 1 1 1 1 1 1 1 1 1 1 1 1 1 2 2 2 2 2 2 2 2 2 2 2\n",
      " 2 2 2 2 2 2 2 2 2 2 2 2 2 2 2 2 2 2 2 2 2 2 2 2 2 2 2 2 2 2 2 2 2 2 2 2 2\n",
      " 2 2]\n",
      "\n",
      "\n",
      "============================================\n",
      "\n",
      "\n"
     ]
    }
   ],
   "source": [
    "    # # # 手写读取数据\n",
    "    f = file(path)\n",
    "    x = []\n",
    "    y = []\n",
    "    for d in f:\n",
    "        d = d.strip()\n",
    "        if d:\n",
    "            d = d.split(',')\n",
    "            y.append(d[-1])\n",
    "            x.append(map(float, d[:-1]))\n",
    "    print '原始数据X：\\n', x\n",
    "    print '原始数据Y：\\n', y\n",
    "    x = np.array(x)\n",
    "    print 'Numpy格式X：\\n', x\n",
    "    y = np.array(y)\n",
    "    print 'Numpy格式Y - 1:\\n', y\n",
    "    y[y == 'Iris-setosa'] = 0\n",
    "    y[y == 'Iris-versicolor'] = 1\n",
    "    y[y == 'Iris-virginica'] = 2\n",
    "    print 'Numpy格式Y - 2:\\n', y\n",
    "    y = y.astype(dtype=np.int)\n",
    "    print 'Numpy格式Y - 3:\\n', y\n",
    "    print '\\n\\n============================================\\n\\n'"
   ]
  },
  {
   "cell_type": "code",
   "execution_count": 5,
   "metadata": {},
   "outputs": [
    {
     "name": "stdout",
     "output_type": "stream",
     "text": [
      "y_hat = \n",
      "[ 0.  0.  0.  0.  0.  0.  0.  0.  0.  0.  0.  0.  0.  0.  0.  0.  0.  0.\n",
      "  0.  0.  0.  0.  0.  0.  0.  0.  0.  0.  0.  0.  0.  0.  0.  0.  0.  0.\n",
      "  0.  0.  0.  0.  0.  0.  0.  0.  0.  0.  0.  0.  0.  0.  2.  2.  2.  1.\n",
      "  2.  1.  2.  1.  2.  1.  1.  1.  1.  1.  1.  2.  1.  1.  1.  1.  1.  1.\n",
      "  1.  1.  2.  2.  2.  2.  1.  1.  1.  1.  1.  1.  1.  1.  2.  1.  1.  1.\n",
      "  1.  1.  1.  1.  1.  1.  1.  1.  1.  1.  2.  1.  2.  1.  2.  2.  1.  2.\n",
      "  2.  2.  2.  2.  2.  1.  1.  2.  2.  2.  2.  1.  2.  1.  2.  1.  2.  2.\n",
      "  1.  1.  2.  2.  2.  2.  2.  1.  1.  2.  2.  2.  1.  2.  2.  2.  1.  2.\n",
      "  2.  2.  1.  2.  2.  1.]\n",
      "y_hat_prob = \n",
      "[[ 0.95636649  0.02229721  0.0213363 ]\n",
      " [ 0.82119058  0.13155022  0.0472592 ]\n",
      " [ 0.96345857  0.01847458  0.01806685]\n",
      " [ 0.96147219  0.01980621  0.0187216 ]\n",
      " [ 0.98137946  0.00731619  0.01130436]\n",
      " [ 0.97913929  0.00770426  0.01315644]\n",
      " [ 0.989982    0.0027725   0.0072455 ]\n",
      " [ 0.95288163  0.02514667  0.0219717 ]\n",
      " [ 0.95817553  0.02185834  0.01996613]\n",
      " [ 0.8803775   0.08180714  0.03781535]\n",
      " [ 0.94708532  0.02559837  0.02731632]\n",
      " [ 0.97824564  0.00907563  0.01267873]\n",
      " [ 0.87377225  0.08867472  0.03755304]\n",
      " [ 0.98123971  0.00639871  0.01236158]\n",
      " [ 0.94332387  0.02083933  0.0358368 ]\n",
      " [ 0.99461108  0.00110842  0.0042805 ]\n",
      " [ 0.97913929  0.00770426  0.01315644]\n",
      " [ 0.95636649  0.02229721  0.0213363 ]\n",
      " [ 0.90438746  0.04412594  0.0514866 ]\n",
      " [ 0.98955519  0.00328279  0.00716202]\n",
      " [ 0.81134161  0.12099266  0.06766573]\n",
      " [ 0.98293267  0.00643306  0.01063427]\n",
      " [ 0.99607672  0.00063315  0.00329013]\n",
      " [ 0.8950587   0.06685951  0.03808179]\n",
      " [ 0.97824564  0.00907563  0.01267873]\n",
      " [ 0.75212723  0.18773776  0.06013502]\n",
      " [ 0.95288163  0.02514667  0.0219717 ]\n",
      " [ 0.93699085  0.03458171  0.02842743]\n",
      " [ 0.9027444   0.0591832   0.0380724 ]\n",
      " [ 0.96345857  0.01847458  0.01806685]\n",
      " [ 0.91688986  0.05324653  0.02986361]\n",
      " [ 0.81134161  0.12099266  0.06766573]\n",
      " [ 0.99668623  0.0006664   0.00264737]\n",
      " [ 0.99318306  0.00168342  0.00513352]\n",
      " [ 0.8803775   0.08180714  0.03781535]\n",
      " [ 0.88753765  0.07446835  0.03799401]\n",
      " [ 0.82658372  0.10428539  0.06913089]\n",
      " [ 0.8803775   0.08180714  0.03781535]\n",
      " [ 0.97267564  0.01183352  0.01549084]\n",
      " [ 0.93177711  0.03933698  0.02888591]\n",
      " [ 0.97018432  0.01380823  0.01600745]\n",
      " [ 0.47961491  0.45852609  0.061859  ]\n",
      " [ 0.98839842  0.00311752  0.00848406]\n",
      " [ 0.97018432  0.01380823  0.01600745]\n",
      " [ 0.98955519  0.00328279  0.00716202]\n",
      " [ 0.87377225  0.08867472  0.03755304]\n",
      " [ 0.98955519  0.00328279  0.00716202]\n",
      " [ 0.97526651  0.01065186  0.01408163]\n",
      " [ 0.96322731  0.0168045   0.01996819]\n",
      " [ 0.92660322  0.04411882  0.02927796]\n",
      " [ 0.01351906  0.15623925  0.83024169]\n",
      " [ 0.03125198  0.41749707  0.55125095]\n",
      " [ 0.01186862  0.20278472  0.78534666]\n",
      " [ 0.01652374  0.80127411  0.18220215]\n",
      " [ 0.00894308  0.42785916  0.56319776]\n",
      " [ 0.05186116  0.68375336  0.26438548]\n",
      " [ 0.06041619  0.42689999  0.51268381]\n",
      " [ 0.18534226  0.71084638  0.10381136]\n",
      " [ 0.0099245   0.36808577  0.62198973]\n",
      " [ 0.20639214  0.65186023  0.14174763]\n",
      " [ 0.02832637  0.87497432  0.09669931]\n",
      " [ 0.06069503  0.60489656  0.33440841]\n",
      " [ 0.00558735  0.73008267  0.26432998]\n",
      " [ 0.02297447  0.57519782  0.40182771]\n",
      " [ 0.11256585  0.65326555  0.2341686 ]\n",
      " [ 0.01379837  0.30265831  0.68354332]\n",
      " [ 0.17420396  0.59886666  0.22692938]\n",
      " [ 0.02601011  0.68629293  0.28769697]\n",
      " [ 0.00521263  0.66323162  0.33155575]\n",
      " [ 0.02343436  0.75485863  0.22170701]\n",
      " [ 0.14599615  0.52694897  0.32705487]\n",
      " [ 0.01666876  0.59081712  0.39251413]\n",
      " [ 0.00650741  0.5603726   0.43311999]\n",
      " [ 0.01666876  0.59081712  0.39251413]\n",
      " [ 0.01248983  0.46415737  0.5233528 ]\n",
      " [ 0.01222127  0.36033817  0.62744056]\n",
      " [ 0.0080849   0.25222524  0.73968986]\n",
      " [ 0.01113482  0.30924683  0.67961835]\n",
      " [ 0.03004486  0.60422792  0.36572722]\n",
      " [ 0.0245744   0.72215442  0.25327118]\n",
      " [ 0.02253877  0.78456539  0.19289584]\n",
      " [ 0.02253877  0.78456539  0.19289584]\n",
      " [ 0.02601011  0.68629293  0.28769697]\n",
      " [ 0.01550957  0.63639168  0.34809875]\n",
      " [ 0.33993505  0.50158147  0.15848347]\n",
      " [ 0.24939032  0.40926554  0.34134413]\n",
      " [ 0.01379837  0.30265831  0.68354332]\n",
      " [ 0.00548431  0.59488044  0.39963525]\n",
      " [ 0.17420396  0.59886666  0.22692938]\n",
      " [ 0.0317388   0.76714703  0.20111417]\n",
      " [ 0.04609231  0.74717598  0.20673171]\n",
      " [ 0.03282037  0.55755422  0.40962542]\n",
      " [ 0.01866399  0.7023946   0.27894141]\n",
      " [ 0.08497352  0.79976754  0.11525893]\n",
      " [ 0.04865959  0.71719701  0.2341434 ]\n",
      " [ 0.12174148  0.61603055  0.26222797]\n",
      " [ 0.07869829  0.65583457  0.26546714]\n",
      " [ 0.01812605  0.54212924  0.43974471]\n",
      " [ 0.13120141  0.73791971  0.13087888]\n",
      " [ 0.05186116  0.68375336  0.26438548]\n",
      " [ 0.06041619  0.42689999  0.51268381]\n",
      " [ 0.02601011  0.68629293  0.28769697]\n",
      " [ 0.01022359  0.10641082  0.88336558]\n",
      " [ 0.01478572  0.50519837  0.48001591]\n",
      " [ 0.01388721  0.40766748  0.57844532]\n",
      " [ 0.01489775  0.00808331  0.97701894]\n",
      " [ 0.27196798  0.62803291  0.0999991 ]\n",
      " [ 0.01079912  0.03871162  0.95048926]\n",
      " [ 0.0068216   0.30648126  0.68669714]\n",
      " [ 0.02743295  0.08086574  0.89170131]\n",
      " [ 0.02498212  0.37889024  0.59612765]\n",
      " [ 0.00815863  0.48736192  0.50447945]\n",
      " [ 0.01047864  0.25556719  0.73395417]\n",
      " [ 0.01777135  0.73838644  0.24384222]\n",
      " [ 0.03750127  0.66846817  0.29403056]\n",
      " [ 0.03125198  0.41749707  0.55125095]\n",
      " [ 0.01388721  0.40766748  0.57844532]\n",
      " [ 0.03094927  0.01214898  0.95690175]\n",
      " [ 0.02495578  0.00125027  0.97379395]\n",
      " [ 0.00558735  0.73008267  0.26432998]\n",
      " [ 0.01436422  0.20087346  0.78476232]\n",
      " [ 0.07324727  0.69070139  0.23605134]\n",
      " [ 0.0194845   0.00240576  0.97810974]\n",
      " [ 0.0090838   0.53209875  0.45881745]\n",
      " [ 0.02354723  0.28046948  0.69598329]\n",
      " [ 0.01289838  0.08128226  0.90581935]\n",
      " [ 0.01353505  0.55687628  0.42958866]\n",
      " [ 0.03282037  0.55755422  0.40962542]\n",
      " [ 0.00990331  0.47606904  0.51402765]\n",
      " [ 0.01057605  0.07074857  0.91867538]\n",
      " [ 0.012074    0.01832995  0.96959605]\n",
      " [ 0.03142179  0.00455395  0.96402426]\n",
      " [ 0.00990331  0.47606904  0.51402765]\n",
      " [ 0.01137309  0.51883373  0.46979318]\n",
      " [ 0.00979368  0.6212087   0.36899762]\n",
      " [ 0.01720663  0.00418617  0.9786072 ]\n",
      " [ 0.09256608  0.39415304  0.51328088]\n",
      " [ 0.02220872  0.43570014  0.54209113]\n",
      " [ 0.04405917  0.58438523  0.3715556 ]\n",
      " [ 0.01186862  0.20278472  0.78534666]\n",
      " [ 0.01379837  0.30265831  0.68354332]\n",
      " [ 0.01186862  0.20278472  0.78534666]\n",
      " [ 0.02601011  0.68629293  0.28769697]\n",
      " [ 0.01570415  0.24719654  0.73709931]\n",
      " [ 0.02354723  0.28046948  0.69598329]\n",
      " [ 0.01113482  0.30924683  0.67961835]\n",
      " [ 0.00650741  0.5603726   0.43311999]\n",
      " [ 0.01388721  0.40766748  0.57844532]\n",
      " [ 0.128262    0.41246431  0.45927369]\n",
      " [ 0.06069503  0.60489656  0.33440841]]\n",
      "准确度：81.33%\n"
     ]
    }
   ],
   "source": [
    "    # # 使用sklearn的数据预处理\n",
    "    # df = pd.read_csv(path, header=None)\n",
    "    # x = df.values[:, :-1]\n",
    "    # y = df.values[:, -1]\n",
    "    # print x.shape\n",
    "    # print y.shape\n",
    "    # print 'x = \\n', x\n",
    "    # print 'y = \\n', y\n",
    "    # le = preprocessing.LabelEncoder()\n",
    "    # le.fit(['Iris-setosa', 'Iris-versicolor', 'Iris-virginica'])\n",
    "    # print le.classes_\n",
    "    # y = le.transform(y)\n",
    "    # print 'Last Version, y = \\n', y\n",
    "\n",
    "    # def iris_type(s):\n",
    "    #     it = {'Iris-setosa': 0,\n",
    "    #           'Iris-versicolor': 1,\n",
    "    #           'Iris-virginica': 2}\n",
    "    #     return it[s]\n",
    "    #\n",
    "    # # 路径，浮点型数据，逗号分隔，第4列使用函数iris_type单独处理\n",
    "    # data = np.loadtxt(path, dtype=float, delimiter=',',\n",
    "    #                   converters={4: iris_type})\n",
    "\n",
    "    data = pd.read_csv(path, header=None)\n",
    "    data[4] = pd.Categorical(data[4]).codes\n",
    "    # iris_types = data[4].unique()\n",
    "    # print iris_types\n",
    "    # for i, type in enumerate(iris_types):\n",
    "    #     data.set_value(data[4] == type, 4, i)\n",
    "    x, y = np.split(data.values, (4,), axis=1)\n",
    "    # print 'x = \\n', x\n",
    "    # print 'y = \\n', y\n",
    "    # 仅使用前两列特征\n",
    "    x = x[:, :2]\n",
    "    lr = Pipeline([('sc', StandardScaler()),\n",
    "                   ('poly', PolynomialFeatures(degree=2)),\n",
    "                   ('clf', LogisticRegression()) ])\n",
    "    lr.fit(x, y.ravel())\n",
    "    y_hat = lr.predict(x)\n",
    "    y_hat_prob = lr.predict_proba(x)\n",
    "    np.set_printoptions(suppress=True)\n",
    "    print 'y_hat = \\n', y_hat\n",
    "    print 'y_hat_prob = \\n', y_hat_prob\n",
    "    print u'准确度：%.2f%%' % (100*np.mean(y_hat == y.ravel()))"
   ]
  },
  {
   "cell_type": "code",
   "execution_count": 6,
   "metadata": {},
   "outputs": [
    {
     "data": {
